Gen    Eval|     Worst      Best    Median   Average   Std Dev|     Worst      Best    Median   Average   Std Dev|
   0    100|  -0.000000  11.421134  0.000000  0.781146  1.443992|  -0.000000  24.997555  0.000000  0.921141  2.609435|
   1    200|  -0.000000  11.421148  2.072846  1.601620  1.998679|  -0.000000  24.997562  2.084260  2.017622  4.166524|
   2    300|  2.072846  11.421148  2.072846  2.948497  2.666264|  2.084260  24.997562  2.084260  4.185698  6.545938|
   3    400|  2.072846  11.421148  2.367306  4.688499  4.096459|  2.084260  24.997562  2.426730  8.376717  10.109215|
   4    500|  2.367306  11.421163  11.421148  8.797672  4.104993|  2.426730  24.997619  24.997562  18.453906  10.238853|
   5    600|  11.421148  11.421163  11.421148  11.421148  0.000001|  24.997562  24.997619  24.997562  24.997563  0.000006|
   6    700|  11.421148  11.421163  11.421148  11.421148  0.000001|  24.997562  24.997619  24.997562  24.997563  0.000006|
   7    800|  11.421148  11.421163  11.421148  11.421148  0.000001|  24.997562  24.997619  24.997562  24.997563  0.000006|
   8    900|  11.421148  11.421163  11.421148  11.421148  0.000001|  24.997562  24.997619  24.997562  24.997563  0.000006|
   9   1000|  11.421148  11.421163  11.421148  11.421148  0.000001|  24.997562  24.997619  24.997562  24.997563  0.000006|
  10   1100|  11.421148  11.421163  11.421148  11.421148  0.000001|  24.997562  24.997619  24.997562  24.997563  0.000006|
  11   1200|  11.421148  11.421163  11.421148  11.421148  0.000001|  24.997562  24.997619  24.997562  24.997563  0.000006|
  12   1300|  11.421148  13.452881  11.421148  11.441466  0.202155|  14.116865  24.997619  24.997562  24.888756  1.082616|
  13   1400|  11.421148  13.452881  11.421148  11.441466  0.202155|  14.116865  24.997619  24.997562  24.888756  1.082616|
  14   1500|  11.421148  13.452881  11.421148  11.441466  0.202155|  14.116865  24.997619  24.997562  24.888756  1.082616|
  15   1600|  11.421148  13.452881  11.421148  11.441466  0.202155|  14.116865  24.997619  24.997562  24.888756  1.082616|
  16   1700|  11.421148  13.452881  11.421148  11.441466  0.202155|  14.116865  24.997619  24.997562  24.888756  1.082616|
  17   1800|  11.421148  13.452881  11.421148  11.441466  0.202155|  14.116865  24.997619  24.997562  24.888756  1.082616|
  18   1900|  11.421148  13.452881  11.421148  11.441466  0.202155|  14.116865  24.997619  24.997562  24.888756  1.082616|
  19   2000|  11.421148  13.452881  11.421148  11.461783  0.284443|  14.116865  24.997619  24.997562  24.779949  1.523298|
  20   2100|  11.421148  13.452881  11.421148  11.461783  0.284443|  14.116865  24.997619  24.997562  24.779949  1.523298|
  21   2200|  11.421148  13.452881  11.421148  11.461783  0.284443|  14.116865  24.997619  24.997562  24.779949  1.523298|
  22   2300|  11.421148  13.452881  11.421148  11.461783  0.284443|  14.116865  24.997619  24.997562  24.779949  1.523298|
  23   2400|  11.421148  13.452881  11.421148  11.461783  0.284443|  14.116865  24.997619  24.997562  24.779949  1.523298|
  24   2500|  11.421148  13.452881  11.421148  11.502418  0.398137|  14.116865  24.997619  24.997562  24.562335  2.132173|
  25   2600|  11.421148  13.452881  11.421148  11.543053  0.482510|  14.116865  24.997619  24.997562  24.344722  2.584023|
  26   2700|  11.421148  13.452881  11.421148  11.543053  0.482510|  14.116865  24.997619  24.997562  24.344722  2.584023|
  27   2800|  11.421148  13.452881  11.421148  11.563370  0.518390|  14.116865  24.997619  24.997562  24.235916  2.776178|
  28   2900|  11.421148  13.452881  11.421148  11.583687  0.551195|  14.116865  24.997619  24.997562  24.127109  2.951860|
  29   3000|  11.421148  13.452881  11.421148  11.644639  0.635708|  14.116865  24.997619  24.997562  23.800688  3.404460|
  30   3100|  11.421148  13.452881  11.421148  11.685274  0.683278|  14.116865  24.997619  24.997562  23.583074  3.659217|
  31   3200|  11.421148  13.452881  11.421148  11.807178  0.797050|  14.116865  24.997619  24.997562  22.930233  4.268509|
  32   3300|  11.421148  13.452881  11.421148  11.929082  0.879766|  14.116865  24.997619  24.997562  22.277391  4.711482|
  33   3400|  11.421148  13.452881  11.421148  11.908765  0.867718|  14.116865  24.997619  24.997562  22.386198  4.646964|
  34   3500|  11.421148  13.452881  11.421148  11.908765  0.867718|  14.116865  24.997619  24.997562  22.386198  4.646964|
  35   3600|  11.421148  13.452881  11.421148  11.908765  0.867718|  14.116865  24.997619  24.997562  22.386198  4.646964|
  36   3700|  11.421148  13.452881  11.421148  11.908765  0.867718|  14.116865  24.997619  24.997562  22.386198  4.646964|
  37   3800|  11.421148  13.452881  11.421148  11.908765  0.867718|  14.116865  24.997619  24.997562  22.386199  4.646964|
  38   3900|  11.421148  13.452881  11.421148  11.929082  0.879766|  14.116865  24.997619  24.997562  22.277392  4.711482|
  39   4000|  11.421148  13.452881  11.421148  11.929083  0.879765|  14.116865  24.997619  24.997562  22.277393  4.711483|
  40   4100|  11.421148  13.452881  11.421148  11.929083  0.879765|  14.116865  24.997619  24.997562  22.277393  4.711483|
  41   4200|  11.421148  13.452881  11.421148  11.929083  0.879765|  14.116865  24.997619  24.997562  22.277393  4.711483|
  42   4300|  11.421148  13.452881  11.421148  11.929083  0.879765|  14.116865  24.997619  24.997562  22.277393  4.711483|
  43   4400|  11.421148  13.452881  11.421148  11.908765  0.867718|  14.116865  24.997619  24.997562  22.386200  4.646965|
  44   4500|  11.421148  13.452881  11.421148  11.908765  0.867718|  14.116865  24.997619  24.997562  22.386200  4.646965|
  45   4600|  11.421148  13.452881  11.421148  11.908765  0.867718|  14.116865  24.997619  24.997562  22.386200  4.646965|
  46   4700|  11.421148  13.452881  11.421148  11.929083  0.879765|  14.116865  24.997619  24.997562  22.277393  4.711483|
  47   4800|  11.421148  13.452881  11.421148  11.929083  0.879765|  14.116865  24.997619  24.997562  22.277393  4.711483|
  48   4900|  11.421148  13.452881  11.421148  11.929083  0.879765|  14.116865  24.997619  24.997562  22.277394  4.711483|
  49   5000|  11.421148  13.452881  11.421148  11.929083  0.879765|  14.116865  24.997619  24.997562  22.277395  4.711484|
  50   5100|  11.421148  13.452881  11.421148  11.929083  0.879765|  14.116865  24.997619  24.997562  22.277396  4.711485|
[[11.421162951593965, 24.997619209170686];{'b3738': 0}, [13.452881033362305, 14.116865390695128];{'b3956': 0}, [11.421162951593864, 24.997619209170377];{'b3738': 0}, [13.452881033361002, 14.116865390693858];{'b3956': 0}, [11.421162951593839, 24.99761920917042];{'b3738': 0}, [11.421162951593823, 24.99761920917036];{'b3738': 0}, [13.452881033359278, 14.11686539069208];{'b3956': 0}, [13.452881033359276, 14.116865390691999];{'b3956': 0}, [11.421162951593823, 24.99761920917033];{'b3738': 0}, [11.421162951593818, 24.99761920917034];{'b3738': 0}, [11.421162951593807, 24.997619209170317];{'b3738': 0}, [11.421162951593821, 24.997619209170292];{'b3738': 0}, [13.452881033358103, 14.116865390690817];{'b3956': 0}, [11.42116295159379, 24.99761920917022];{'b3738': 0}, [13.452881033357404, 14.116865390689986];{'b3956': 0}, [13.452881033355796, 14.116865390688298];{'b3956': 0}, [11.421162951593782, 24.997619209170193];{'b3738': 0}, [11.421162951593749, 24.997619209170196];{'b3738': 0}, [13.45288103335566, 14.11686539068824];{'b3956': 0}, [11.421162951593773, 24.997619209170193];{'b3738': 0}, [13.452881033352751, 14.116865390685145];{'b3956': 0}, [11.421162951593693, 24.99761920916982];{'b3738': 0}, [13.452881033351481, 14.116865390683852];{'b3956': 0}, [11.421162951593399, 24.99761920916907];{'b3738': 0}, [13.45288103335144, 14.11686539068375];{'b3956': 0}, [11.421148108558485, 24.997562220541003];{'b3738': 0}, [13.452881033351375, 14.11686539068371];{'b3956': 0}, [11.4211481085584, 24.997562220540765];{'b3738': 0}, [13.452881033351126, 14.116865390683445];{'b3956': 0}, [13.452881033351137, 14.11686539068341];{'b3956': 0}, [11.421148108558365, 24.99756222054046];{'b3738': 0}, [11.421148108558336, 24.997562220540676];{'b3738': 0}, [13.452881033351119, 14.116865390683433];{'b3956': 0}, [11.421148108558304, 24.997562220540544];{'b3738': 0}, [11.421148108558285, 24.997562220540612];{'b3738': 0}, [11.421148108558311, 24.997562220540388];{'b3738': 0}, [11.421148108558333, 24.99756222054038];{'b3738': 0}, [11.42114810855833, 24.997562220540384];{'b3738': 0}, [11.42114810855831, 24.99756222054051];{'b3738': 0}, [13.45288103335066, 14.11686539068294];{'b3956': 0}, [11.421148108558306, 24.9975622205405];{'b3738': 0}, [11.421148108558246, 24.997562220540505];{'b3738': 0}, [11.421148108558217, 24.997562220540612];{'b3738': 0}, [13.452881033350602, 14.116865390682838];{'b3956': 0}, [11.421148108558251, 24.9975622205405];{'b3738': 0}, [11.421148108558265, 24.997562220540424];{'b3738': 0}, [11.421148108558302, 24.997562220540313];{'b3738': 0}, [11.421148108558288, 24.99756222054035];{'b3738': 0}, [11.421148108558207, 24.99756222054057];{'b3738': 0}, [11.421148108558254, 24.99756222054049];{'b3738': 0}, [13.452881033350456, 14.116865390682747];{'b3956': 0}, [11.421148108558217, 24.997562220540473];{'b3738': 0}, [11.42114810855822, 24.99756222054046];{'b3738': 0}, [11.421148108558242, 24.997562220540427];{'b3738': 0}, [11.421148108558054, 24.99756222054051];{'b3738': 0}, [11.421148108558288, 24.997562220540285];{'b3738': 0}, [11.421148108558283, 24.997562220540335];{'b3738': 0}, [13.452881033350344, 14.116865390682632];{'b3956': 0}, [11.421148108558263, 24.997562220540292];{'b3738': 0}, [11.421148108558285, 24.997562220540274];{'b3738': 0}, [11.421148108558228, 24.997562220540363];{'b3738': 0}, [11.421148108558237, 24.99756222054036];{'b3738': 0}, [11.421148108558212, 24.99756222054045];{'b3738': 0}, [11.421148108558215, 24.9975622205404];{'b3738': 0}, [11.421148108558192, 24.997562220540473];{'b3738': 0}, [11.421148108558274, 24.99756222054026];{'b3738': 0}, [11.421148108558281, 24.99756222054024];{'b3738': 0}, [11.421148108558215, 24.99756222054039];{'b3738': 0}, [11.421148108558173, 24.99756222054041];{'b3738': 0}, [13.452881033349911, 14.116865390682152];{'b3956': 0}, [11.421148108558207, 24.997562220540402];{'b3738': 0}, [13.452881033349845, 14.116865390682147];{'b3956': 0}, [11.421148108558203, 24.997562220540395];{'b3738': 0}, [11.42114810855827, 24.997562220540246];{'b3738': 0}, [11.421148108558247, 24.99756222054026];{'b3738': 0}, [11.42114810855821, 24.99756222054037];{'b3738': 0}, [11.421148108558212, 24.99756222054032];{'b3738': 0}, [11.421148108558214, 24.99756222054029];{'b3738': 0}, [13.452881033348756, 14.116865390680912];{'b3956': 0}, [13.452881033348714, 14.116865390680937];{'b3956': 0}, [11.4211481085582, 24.997562220540377];{'b3738': 0}, [11.42114810855819, 24.99756222054039];{'b3738': 0}, [11.421148108558192, 24.997562220540388];{'b3738': 0}, [11.421148108558244, 24.99756222054025];{'b3738': 0}, [11.421148108558214, 24.997562220540253];{'b3738': 0}, [11.421148108558203, 24.997562220540306];{'b3738': 0}, [13.452881033348541, 14.116865390680717];{'b3956': 0}, [11.421148108558159, 24.997562220540384];{'b3738': 0}, [11.42114810855819, 24.99756222054036];{'b3738': 0}, [11.421148108558176, 24.997562220540377];{'b3738': 0}, [11.421148108558164, 24.99756222054038];{'b3738': 0}, [11.42114810855822, 24.997562220540136];{'b3738': 0}, [11.421148108558208, 24.997562220540246];{'b3738': 0}, [11.421148108558203, 24.99756222054029];{'b3738': 0}, [13.452881033348286, 14.116865390680418];{'b3956': 0}, [11.421148108558002, 24.997562220540363];{'b3738': 0}, [11.421148108558207, 24.997562220540228];{'b3738': 0}, [11.421148108558146, 24.997562220540342];{'b3738': 0}, [11.421148108558203, 24.997562220540278];{'b3738': 0}, [11.421148108558182, 24.99756222054032];{'b3738': 0}]
